772
450 -125
450 135
450 -500
450 400
450 150
450 25
450 -100
450 800
450 35
450 300
450 175
450 50
450 -75
450 -200
450 700
450 200
450 75
450 -50
450 600
450 1500
450 100
450 1000
450 -150
450 750
450 500
450 250
450 125
-125 450
-125 135
-125 200
-125 75
-125 -500
-125 -50
-125 400
-125 150
-125 600
-125 25
-125 -100
-125 800
-125 35
-125 100
-125 1000
-125 1500
-125 -150
-125 300
-125 750
-125 175
-125 50
-125 500
-125 -75
-125 -200
-125 250
-125 700
-125 125
135 450
135 -125
135 200
135 75
135 -500
135 -50
135 400
135 150
135 600
135 25
135 -100
135 800
135 35
135 100
135 1000
135 1500
135 -150
135 300
135 750
135 175
135 50
135 500
135 -75
135 -200
135 250
135 700
135 125
200 450
200 -125
200 135
200 200
200 75
200 -500
200 -50
200 400
200 150
200 600
200 25
200 -100
200 800
200 35
200 100
200 1000
200 1500
200 -150
200 300
200 750
200 175
200 50
200 500
200 -75
200 -200
200 250
200 700
200 125
75 450
75 -125
75 135
75 200
75 75
75 -500
75 -50
75 400
75 150
75 600
75 25
75 -100
75 800
75 35
75 100
75 1000
75 1500
75 -150
75 300
75 750
75 175
75 50
75 500
75 -75
75 -200
75 250
75 700
75 125
-500 450
-500 -125
-500 135
-500 200
-500 75
-500 -50
-500 400
-500 150
-500 600
-500 25
-500 -100
-500 800
-500 35
-500 100
-500 1000
-500 1500
-500 -150
-500 300
-500 750
-500 175
-500 50
-500 500
-500 -75
-500 -200
-500 250
-500 700
-500 125
-50 450
-50 -125
-50 135
-50 200
-50 75
-50 -500
-50 -50
-50 400
-50 150
-50 600
-50 25
-50 -100
-50 800
-50 35
-50 100
-50 1000
-50 1500
-50 -150
-50 300
-50 750
-50 175
-50 50
-50 500
-50 -75
-50 -200
-50 250
-50 700
-50 125
400 450
400 -125
400 135
400 200
400 75
400 -500
400 -50
400 150
400 600
400 25
400 -100
400 800
400 35
400 100
400 1000
400 1500
400 -150
400 300
400 750
400 175
400 50
400 500
400 -75
400 -200
400 250
400 700
400 125
150 450
150 -125
150 135
150 200
150 75
150 -500
150 -50
150 400
150 150
150 600
150 25
150 -100
150 800
150 35
150 100
150 1000
150 1500
150 -150
150 300
150 750
150 175
150 50
150 500
150 -75
150 -200
150 250
150 700
150 125
600 450
600 -125
600 135
600 200
600 75
600 -500
600 -50
600 400
600 150
600 25
600 -100
600 800
600 35
600 100
600 1000
600 1500
600 -150
600 300
600 750
600 175
600 50
600 500
600 -75
600 -200
600 250
600 700
600 125
25 450
25 -125
25 135
25 200
25 75
25 -500
25 -50
25 400
25 150
25 600
25 -100
25 800
25 35
25 100
25 1000
25 1500
25 -150
25 300
25 750
25 175
25 50
25 500
25 -75
25 -200
25 250
25 700
25 125
-100 450
-100 -125
-100 135
-100 200
-100 75
-100 -500
-100 -50
-100 400
-100 150
-100 600
-100 25
-100 -100
-100 800
-100 35
-100 100
-100 1000
-100 1500
-100 -150
-100 300
-100 750
-100 175
-100 50
-100 500
-100 -75
-100 -200
-100 250
-100 700
-100 125
800 450
800 -125
800 135
800 200
800 75
800 -500
800 -50
800 400
800 150
800 600
800 25
800 -100
800 800
800 35
800 100
800 1000
800 1500
800 -150
800 300
800 750
800 175
800 50
800 500
800 -75
800 -200
800 250
800 700
800 125
35 450
35 -125
35 135
35 200
35 75
35 -500
35 -50
35 400
35 150
35 600
35 25
35 -100
35 800
35 100
35 1000
35 1500
35 -150
35 300
35 750
35 175
35 50
35 500
35 -75
35 -200
35 250
35 700
35 125
100 450
100 -125
100 135
100 200
100 75
100 -500
100 -50
100 400
100 150
100 600
100 25
100 -100
100 800
100 35
100 100
100 1000
100 1500
100 -150
100 300
100 750
100 175
100 50
100 500
100 -75
100 -200
100 250
100 700
100 125
1000 450
1000 -125
1000 135
1000 200
1000 75
1000 -500
1000 -50
1000 400
1000 150
1000 600
1000 25
1000 -100
1000 800
1000 35
1000 100
1000 1000
1000 1500
1000 -150
1000 300
1000 750
1000 175
1000 50
1000 500
1000 -75
1000 -200
1000 250
1000 700
1000 125
1500 450
1500 -125
1500 135
1500 200
1500 75
1500 -500
1500 -50
1500 400
1500 150
1500 600
1500 25
1500 -100
1500 800
1500 35
1500 100
1500 1000
1500 -150
1500 300
1500 750
1500 175
1500 50
1500 500
1500 -75
1500 -200
1500 250
1500 700
1500 125
-150 450
-150 -125
-150 135
-150 200
-150 75
-150 -500
-150 -50
-150 400
-150 150
-150 600
-150 25
-150 -100
-150 800
-150 35
-150 100
-150 1000
-150 1500
-150 -150
-150 300
-150 750
-150 175
-150 50
-150 500
-150 -75
-150 -200
-150 250
-150 700
-150 125
300 450
300 -125
300 135
300 200
300 75
300 -500
300 -50
300 400
300 150
300 600
300 25
300 -100
300 800
300 35
300 100
300 1000
300 1500
300 -150
300 300
300 750
300 175
300 50
300 500
300 -75
300 -200
300 250
300 700
300 125
750 450
750 -125
750 135
750 200
750 75
750 -500
750 -50
750 400
750 150
750 600
750 25
750 -100
750 800
750 35
750 100
750 1000
750 1500
750 -150
750 300
750 175
750 50
750 500
750 -75
750 -200
750 250
750 700
750 125
175 450
175 -125
175 135
175 200
175 75
175 -500
175 -50
175 400
175 150
175 600
175 25
175 -100
175 800
175 35
175 100
175 1000
175 1500
175 -150
175 300
175 750
175 175
175 50
175 500
175 -75
175 -200
175 250
175 700
175 125
50 450
50 -125
50 135
50 200
50 75
50 -500
50 -50
50 400
50 150
50 600
50 25
50 -100
50 800
50 35
50 100
50 1000
50 1500
50 -150
50 300
50 750
50 175
50 500
50 -75
50 -200
50 250
50 700
50 125
500 450
500 -125
500 135
500 200
500 75
500 -500
500 -50
500 400
500 150
500 600
500 25
500 -100
500 800
500 35
500 100
500 1000
500 1500
500 -150
500 300
500 750
500 175
500 50
500 500
500 -75
500 -200
500 250
500 700
500 125
-75 450
-75 -125
-75 135
-75 200
-75 75
-75 -500
-75 -50
-75 400
-75 150
-75 600
-75 25
-75 -100
-75 800
-75 35
-75 100
-75 1000
-75 1500
-75 -150
-75 300
-75 750
-75 175
-75 50
-75 500
-75 -75
-75 -200
-75 250
-75 700
-75 125
-200 450
-200 -125
-200 135
-200 200
-200 75
-200 -500
-200 -50
-200 400
-200 150
-200 600
-200 25
-200 -100
-200 800
-200 35
-200 100
-200 1000
-200 1500
-200 -150
-200 300
-200 750
-200 175
-200 50
-200 500
-200 -75
-200 -200
-200 250
-200 700
-200 125
250 450
250 -125
250 135
250 200
250 75
250 -500
250 -50
250 400
250 150
250 600
250 25
250 -100
250 800
250 35
250 100
250 1000
250 1500
250 -150
250 300
250 750
250 175
250 50
250 500
250 -75
250 -200
250 700
250 125
700 450
700 -125
700 135
700 200
700 75
700 -500
700 -50
700 400
700 150
700 600
700 25
700 -100
700 800
700 35
700 100
700 1000
700 1500
700 -150
700 300
700 750
700 175
700 50
700 500
700 -75
700 -200
700 250
700 700
700 125
125 450
125 -125
125 135
125 200
125 75
125 -500
125 -50
125 400
125 150
125 600
125 25
125 -100
125 800
125 35
125 100
125 1000
125 1500
125 -150
125 300
125 750
125 175
125 50
125 500
125 -75
125 -200
125 250
125 700
125 125
